{
 "cells": [
  {
   "cell_type": "code",
   "id": "initial_id",
   "metadata": {
    "collapsed": true,
    "ExecuteTime": {
     "end_time": "2025-03-02T08:59:59.989812Z",
     "start_time": "2025-03-02T08:59:58.508772Z"
    }
   },
   "source": [
    "#DataFrame对象的rolling方法允许我们将数据置于窗口中，然后就可以使用函数对窗口中的数据进行运算和处理。例如，我们获取了某只股票近期的数据，想制作5日均线和10日均线，那么就需要先设置窗口再进行运算。我们可以使用三方库pandas-datareader来获取指定的股票在某个时间段内的数据，具体的操作如下所示。\n",
    "#通过pandas-datareader 提供的get_data_stooq从 Stooq 网站获取百度（股票代码：BIDU）近期股票数据。\n",
    "import pandas_datareader as pdr\n",
    "from sympy.printing.pretty.pretty_symbology import line_width\n",
    "\n",
    "nvda_df = pdr.get_data_stooq('NVDA', start='2025-02-15', end = '2025-03-01')\n",
    "nvda_df.sort_index(inplace=True)\n",
    "nvda_df"
   ],
   "outputs": [
    {
     "data": {
      "text/plain": [
       "               Open    High       Low   Close     Volume\n",
       "Date                                                    \n",
       "2025-02-18  141.270  143.44  137.9250  139.40  219176627\n",
       "2025-02-19  139.510  141.36  137.2200  139.23  167536006\n",
       "2025-02-20  140.030  140.66  136.7901  140.11  143903583\n",
       "2025-02-21  140.040  141.46  134.0300  134.43  228217585\n",
       "2025-02-24  136.560  138.59  130.0800  130.28  251381137\n",
       "2025-02-25  129.980  130.20  124.4400  126.63  271428711\n",
       "2025-02-26  129.985  133.73  128.4900  131.28  322553814\n",
       "2025-02-27  135.000  135.01  120.0100  120.15  443175846\n",
       "2025-02-28  118.020  125.09  116.4000  124.92  389091145"
      ],
      "text/html": [
       "<div>\n",
       "<style scoped>\n",
       "    .dataframe tbody tr th:only-of-type {\n",
       "        vertical-align: middle;\n",
       "    }\n",
       "\n",
       "    .dataframe tbody tr th {\n",
       "        vertical-align: top;\n",
       "    }\n",
       "\n",
       "    .dataframe thead th {\n",
       "        text-align: right;\n",
       "    }\n",
       "</style>\n",
       "<table border=\"1\" class=\"dataframe\">\n",
       "  <thead>\n",
       "    <tr style=\"text-align: right;\">\n",
       "      <th></th>\n",
       "      <th>Open</th>\n",
       "      <th>High</th>\n",
       "      <th>Low</th>\n",
       "      <th>Close</th>\n",
       "      <th>Volume</th>\n",
       "    </tr>\n",
       "    <tr>\n",
       "      <th>Date</th>\n",
       "      <th></th>\n",
       "      <th></th>\n",
       "      <th></th>\n",
       "      <th></th>\n",
       "      <th></th>\n",
       "    </tr>\n",
       "  </thead>\n",
       "  <tbody>\n",
       "    <tr>\n",
       "      <th>2025-02-18</th>\n",
       "      <td>141.270</td>\n",
       "      <td>143.44</td>\n",
       "      <td>137.9250</td>\n",
       "      <td>139.40</td>\n",
       "      <td>219176627</td>\n",
       "    </tr>\n",
       "    <tr>\n",
       "      <th>2025-02-19</th>\n",
       "      <td>139.510</td>\n",
       "      <td>141.36</td>\n",
       "      <td>137.2200</td>\n",
       "      <td>139.23</td>\n",
       "      <td>167536006</td>\n",
       "    </tr>\n",
       "    <tr>\n",
       "      <th>2025-02-20</th>\n",
       "      <td>140.030</td>\n",
       "      <td>140.66</td>\n",
       "      <td>136.7901</td>\n",
       "      <td>140.11</td>\n",
       "      <td>143903583</td>\n",
       "    </tr>\n",
       "    <tr>\n",
       "      <th>2025-02-21</th>\n",
       "      <td>140.040</td>\n",
       "      <td>141.46</td>\n",
       "      <td>134.0300</td>\n",
       "      <td>134.43</td>\n",
       "      <td>228217585</td>\n",
       "    </tr>\n",
       "    <tr>\n",
       "      <th>2025-02-24</th>\n",
       "      <td>136.560</td>\n",
       "      <td>138.59</td>\n",
       "      <td>130.0800</td>\n",
       "      <td>130.28</td>\n",
       "      <td>251381137</td>\n",
       "    </tr>\n",
       "    <tr>\n",
       "      <th>2025-02-25</th>\n",
       "      <td>129.980</td>\n",
       "      <td>130.20</td>\n",
       "      <td>124.4400</td>\n",
       "      <td>126.63</td>\n",
       "      <td>271428711</td>\n",
       "    </tr>\n",
       "    <tr>\n",
       "      <th>2025-02-26</th>\n",
       "      <td>129.985</td>\n",
       "      <td>133.73</td>\n",
       "      <td>128.4900</td>\n",
       "      <td>131.28</td>\n",
       "      <td>322553814</td>\n",
       "    </tr>\n",
       "    <tr>\n",
       "      <th>2025-02-27</th>\n",
       "      <td>135.000</td>\n",
       "      <td>135.01</td>\n",
       "      <td>120.0100</td>\n",
       "      <td>120.15</td>\n",
       "      <td>443175846</td>\n",
       "    </tr>\n",
       "    <tr>\n",
       "      <th>2025-02-28</th>\n",
       "      <td>118.020</td>\n",
       "      <td>125.09</td>\n",
       "      <td>116.4000</td>\n",
       "      <td>124.92</td>\n",
       "      <td>389091145</td>\n",
       "    </tr>\n",
       "  </tbody>\n",
       "</table>\n",
       "</div>"
      ]
     },
     "execution_count": 22,
     "metadata": {},
     "output_type": "execute_result"
    }
   ],
   "execution_count": 22
  },
  {
   "metadata": {
    "ExecuteTime": {
     "end_time": "2025-03-02T13:06:55.204125Z",
     "start_time": "2025-03-02T13:06:55.179241Z"
    }
   },
   "cell_type": "code",
   "source": [
    "#上面的DataFrame有Open、High、Low、Close、Volume五个列，分别代码股票的开盘价、最高价、最低价、收盘价和成交量，接下来我们对百度的股票数据进行窗口计算。\n",
    "nvda_df.rolling(5).mean()"
   ],
   "id": "96b39f3ab4dda2f3",
   "outputs": [
    {
     "data": {
      "text/plain": [
       "               Open     High        Low    Close       Volume\n",
       "Date                                                         \n",
       "2025-02-18      NaN      NaN        NaN      NaN          NaN\n",
       "2025-02-19      NaN      NaN        NaN      NaN          NaN\n",
       "2025-02-20      NaN      NaN        NaN      NaN          NaN\n",
       "2025-02-21      NaN      NaN        NaN      NaN          NaN\n",
       "2025-02-24  139.482  141.102  135.20902  136.690  202042987.6\n",
       "2025-02-25  137.224  138.454  132.51202  134.136  212493404.4\n",
       "2025-02-26  135.319  136.928  130.76602  132.546  243496966.0\n",
       "2025-02-27  134.313  135.798  127.41000  128.554  303351418.6\n",
       "2025-02-28  129.909  132.524  123.88400  126.652  335526130.6"
      ],
      "text/html": [
       "<div>\n",
       "<style scoped>\n",
       "    .dataframe tbody tr th:only-of-type {\n",
       "        vertical-align: middle;\n",
       "    }\n",
       "\n",
       "    .dataframe tbody tr th {\n",
       "        vertical-align: top;\n",
       "    }\n",
       "\n",
       "    .dataframe thead th {\n",
       "        text-align: right;\n",
       "    }\n",
       "</style>\n",
       "<table border=\"1\" class=\"dataframe\">\n",
       "  <thead>\n",
       "    <tr style=\"text-align: right;\">\n",
       "      <th></th>\n",
       "      <th>Open</th>\n",
       "      <th>High</th>\n",
       "      <th>Low</th>\n",
       "      <th>Close</th>\n",
       "      <th>Volume</th>\n",
       "    </tr>\n",
       "    <tr>\n",
       "      <th>Date</th>\n",
       "      <th></th>\n",
       "      <th></th>\n",
       "      <th></th>\n",
       "      <th></th>\n",
       "      <th></th>\n",
       "    </tr>\n",
       "  </thead>\n",
       "  <tbody>\n",
       "    <tr>\n",
       "      <th>2025-02-18</th>\n",
       "      <td>NaN</td>\n",
       "      <td>NaN</td>\n",
       "      <td>NaN</td>\n",
       "      <td>NaN</td>\n",
       "      <td>NaN</td>\n",
       "    </tr>\n",
       "    <tr>\n",
       "      <th>2025-02-19</th>\n",
       "      <td>NaN</td>\n",
       "      <td>NaN</td>\n",
       "      <td>NaN</td>\n",
       "      <td>NaN</td>\n",
       "      <td>NaN</td>\n",
       "    </tr>\n",
       "    <tr>\n",
       "      <th>2025-02-20</th>\n",
       "      <td>NaN</td>\n",
       "      <td>NaN</td>\n",
       "      <td>NaN</td>\n",
       "      <td>NaN</td>\n",
       "      <td>NaN</td>\n",
       "    </tr>\n",
       "    <tr>\n",
       "      <th>2025-02-21</th>\n",
       "      <td>NaN</td>\n",
       "      <td>NaN</td>\n",
       "      <td>NaN</td>\n",
       "      <td>NaN</td>\n",
       "      <td>NaN</td>\n",
       "    </tr>\n",
       "    <tr>\n",
       "      <th>2025-02-24</th>\n",
       "      <td>139.482</td>\n",
       "      <td>141.102</td>\n",
       "      <td>135.20902</td>\n",
       "      <td>136.690</td>\n",
       "      <td>202042987.6</td>\n",
       "    </tr>\n",
       "    <tr>\n",
       "      <th>2025-02-25</th>\n",
       "      <td>137.224</td>\n",
       "      <td>138.454</td>\n",
       "      <td>132.51202</td>\n",
       "      <td>134.136</td>\n",
       "      <td>212493404.4</td>\n",
       "    </tr>\n",
       "    <tr>\n",
       "      <th>2025-02-26</th>\n",
       "      <td>135.319</td>\n",
       "      <td>136.928</td>\n",
       "      <td>130.76602</td>\n",
       "      <td>132.546</td>\n",
       "      <td>243496966.0</td>\n",
       "    </tr>\n",
       "    <tr>\n",
       "      <th>2025-02-27</th>\n",
       "      <td>134.313</td>\n",
       "      <td>135.798</td>\n",
       "      <td>127.41000</td>\n",
       "      <td>128.554</td>\n",
       "      <td>303351418.6</td>\n",
       "    </tr>\n",
       "    <tr>\n",
       "      <th>2025-02-28</th>\n",
       "      <td>129.909</td>\n",
       "      <td>132.524</td>\n",
       "      <td>123.88400</td>\n",
       "      <td>126.652</td>\n",
       "      <td>335526130.6</td>\n",
       "    </tr>\n",
       "  </tbody>\n",
       "</table>\n",
       "</div>"
      ]
     },
     "execution_count": 23,
     "metadata": {},
     "output_type": "execute_result"
    }
   ],
   "execution_count": 23
  },
  {
   "metadata": {
    "ExecuteTime": {
     "end_time": "2025-03-02T13:17:46.292169Z",
     "start_time": "2025-03-02T13:17:46.276045Z"
    }
   },
   "cell_type": "code",
   "source": [
    "#上面的Close 列的数据就是我们需要的5日均线，当然，我们也可以用下面的方法，直接在Close列对应的Series对象上计算5日均线\n",
    "nvda_df.Close.rolling(5).mean()"
   ],
   "id": "fa5a49cdd2766b76",
   "outputs": [
    {
     "data": {
      "text/plain": [
       "Date\n",
       "2025-02-18        NaN\n",
       "2025-02-19        NaN\n",
       "2025-02-20        NaN\n",
       "2025-02-21        NaN\n",
       "2025-02-24    136.690\n",
       "2025-02-25    134.136\n",
       "2025-02-26    132.546\n",
       "2025-02-27    128.554\n",
       "2025-02-28    126.652\n",
       "Name: Close, dtype: float64"
      ]
     },
     "execution_count": 32,
     "metadata": {},
     "output_type": "execute_result"
    }
   ],
   "execution_count": 32
  },
  {
   "metadata": {
    "ExecuteTime": {
     "end_time": "2025-03-03T10:22:22.233415Z",
     "start_time": "2025-03-03T10:22:21.922979Z"
    }
   },
   "cell_type": "code",
   "source": [
    "#我们用 ρ 值判断指标的相关性时遵循以下两个步骤。\n",
    "#协方差的数值大小取决于变量的大小，通常是不容易解释的，但是正态形式的协方差大小可以显示两变量线性关系的强弱。在统计学中，皮尔逊积矩相关系数就是正态形式的协方差，它用于度量两个变量 X和 Y 之间的相关程度（线性相关），其值介于-1到1之间。\n",
    "#判断指标间是正相关、负相关，还是不相关。\n",
    "#当 ρ>0，认为变量之间是正相关，也就是两者的趋势一致。\n",
    "#当 ρ<0，认为变量之间是负相关，也就是两者的趋势相反。\n",
    "#当 ρ=0，认为变量之间是不相关的，但并不代表两个指标是统计独立的。\n",
    "#判断指标间的相关程度。\n",
    "#当 ρ 的绝对值在 $ [0.6,1] $ 之间，认为变量之间是强相关的。\n",
    "#当 ρ 的绝对值在 $ [0.1,0.6) $ 之间，认为变量之间是弱相关的。\n",
    "#当 ρ 的绝对值在 $ [0,0.1) $ 之间，认为变量之间没有相关性。\n",
    "#DataFrame对象的cov方法和corr方法分别用于计算协方差和相关系数，corr方法的第一个参数method的默认值是pearson，表示计算皮尔逊相关系数；除此之外，还可以指定kendall或spearman来获得肯德尔系数或斯皮尔曼等级相关系数。\n",
    "import pandas as pd\n",
    "boston_df = pd.read_csv(r'D:\\study\\coding\\Github Repos\\Python-learning\\numpandas\\data_warehouse\\housing.csv')\n",
    "boston_df.head()"
   ],
   "id": "c2c45251a4413f01",
   "outputs": [
    {
     "data": {
      "text/plain": [
       "      CRIM    ZN  INDUS  CHAS    NOX     RM   AGE     DIS  RAD    TAX  \\\n",
       "0  0.00632  18.0   2.31     0  0.538  6.575  65.2  4.0900    1  296.0   \n",
       "1  0.02731   0.0   7.07     0  0.469  6.421  78.9  4.9671    2  242.0   \n",
       "2  0.02729   0.0   7.07     0  0.469  7.185  61.1  4.9671    2  242.0   \n",
       "3  0.03237   0.0   2.18     0  0.458  6.998  45.8  6.0622    3  222.0   \n",
       "4  0.06905   0.0   2.18     0  0.458  7.147  54.2  6.0622    3  222.0   \n",
       "\n",
       "   PIRATIO       B  LSTAT  MEDV  \n",
       "0     15.3  396.90   4.98  24.0  \n",
       "1     17.8  396.90   9.14  21.6  \n",
       "2     17.8  392.83   4.03  34.7  \n",
       "3     18.7  394.63   2.94  33.4  \n",
       "4     18.7  396.90   5.33  36.2  "
      ],
      "text/html": [
       "<div>\n",
       "<style scoped>\n",
       "    .dataframe tbody tr th:only-of-type {\n",
       "        vertical-align: middle;\n",
       "    }\n",
       "\n",
       "    .dataframe tbody tr th {\n",
       "        vertical-align: top;\n",
       "    }\n",
       "\n",
       "    .dataframe thead th {\n",
       "        text-align: right;\n",
       "    }\n",
       "</style>\n",
       "<table border=\"1\" class=\"dataframe\">\n",
       "  <thead>\n",
       "    <tr style=\"text-align: right;\">\n",
       "      <th></th>\n",
       "      <th>CRIM</th>\n",
       "      <th>ZN</th>\n",
       "      <th>INDUS</th>\n",
       "      <th>CHAS</th>\n",
       "      <th>NOX</th>\n",
       "      <th>RM</th>\n",
       "      <th>AGE</th>\n",
       "      <th>DIS</th>\n",
       "      <th>RAD</th>\n",
       "      <th>TAX</th>\n",
       "      <th>PIRATIO</th>\n",
       "      <th>B</th>\n",
       "      <th>LSTAT</th>\n",
       "      <th>MEDV</th>\n",
       "    </tr>\n",
       "  </thead>\n",
       "  <tbody>\n",
       "    <tr>\n",
       "      <th>0</th>\n",
       "      <td>0.00632</td>\n",
       "      <td>18.0</td>\n",
       "      <td>2.31</td>\n",
       "      <td>0</td>\n",
       "      <td>0.538</td>\n",
       "      <td>6.575</td>\n",
       "      <td>65.2</td>\n",
       "      <td>4.0900</td>\n",
       "      <td>1</td>\n",
       "      <td>296.0</td>\n",
       "      <td>15.3</td>\n",
       "      <td>396.90</td>\n",
       "      <td>4.98</td>\n",
       "      <td>24.0</td>\n",
       "    </tr>\n",
       "    <tr>\n",
       "      <th>1</th>\n",
       "      <td>0.02731</td>\n",
       "      <td>0.0</td>\n",
       "      <td>7.07</td>\n",
       "      <td>0</td>\n",
       "      <td>0.469</td>\n",
       "      <td>6.421</td>\n",
       "      <td>78.9</td>\n",
       "      <td>4.9671</td>\n",
       "      <td>2</td>\n",
       "      <td>242.0</td>\n",
       "      <td>17.8</td>\n",
       "      <td>396.90</td>\n",
       "      <td>9.14</td>\n",
       "      <td>21.6</td>\n",
       "    </tr>\n",
       "    <tr>\n",
       "      <th>2</th>\n",
       "      <td>0.02729</td>\n",
       "      <td>0.0</td>\n",
       "      <td>7.07</td>\n",
       "      <td>0</td>\n",
       "      <td>0.469</td>\n",
       "      <td>7.185</td>\n",
       "      <td>61.1</td>\n",
       "      <td>4.9671</td>\n",
       "      <td>2</td>\n",
       "      <td>242.0</td>\n",
       "      <td>17.8</td>\n",
       "      <td>392.83</td>\n",
       "      <td>4.03</td>\n",
       "      <td>34.7</td>\n",
       "    </tr>\n",
       "    <tr>\n",
       "      <th>3</th>\n",
       "      <td>0.03237</td>\n",
       "      <td>0.0</td>\n",
       "      <td>2.18</td>\n",
       "      <td>0</td>\n",
       "      <td>0.458</td>\n",
       "      <td>6.998</td>\n",
       "      <td>45.8</td>\n",
       "      <td>6.0622</td>\n",
       "      <td>3</td>\n",
       "      <td>222.0</td>\n",
       "      <td>18.7</td>\n",
       "      <td>394.63</td>\n",
       "      <td>2.94</td>\n",
       "      <td>33.4</td>\n",
       "    </tr>\n",
       "    <tr>\n",
       "      <th>4</th>\n",
       "      <td>0.06905</td>\n",
       "      <td>0.0</td>\n",
       "      <td>2.18</td>\n",
       "      <td>0</td>\n",
       "      <td>0.458</td>\n",
       "      <td>7.147</td>\n",
       "      <td>54.2</td>\n",
       "      <td>6.0622</td>\n",
       "      <td>3</td>\n",
       "      <td>222.0</td>\n",
       "      <td>18.7</td>\n",
       "      <td>396.90</td>\n",
       "      <td>5.33</td>\n",
       "      <td>36.2</td>\n",
       "    </tr>\n",
       "  </tbody>\n",
       "</table>\n",
       "</div>"
      ]
     },
     "execution_count": 2,
     "metadata": {},
     "output_type": "execute_result"
    }
   ],
   "execution_count": 2
  },
  {
   "metadata": {
    "ExecuteTime": {
     "end_time": "2025-03-03T10:22:24.093684Z",
     "start_time": "2025-03-03T10:22:24.081031Z"
    }
   },
   "cell_type": "code",
   "source": "boston_df.cov()",
   "id": "5d4599c99920a1f8",
   "outputs": [
    {
     "data": {
      "text/plain": [
       "               CRIM           ZN       INDUS      CHAS        NOX         RM  \\\n",
       "CRIM      73.986578   -40.215956   23.992339 -0.122109   0.419594  -1.325038   \n",
       "ZN       -40.215956   543.936814  -85.412648 -0.252925  -1.396148   5.112513   \n",
       "INDUS     23.992339   -85.412648   47.064442  0.109669   0.607074  -1.887957   \n",
       "CHAS      -0.122109    -0.252925    0.109669  0.064513   0.002684   0.016285   \n",
       "NOX        0.419594    -1.396148    0.607074  0.002684   0.013428  -0.024603   \n",
       "RM        -1.325038     5.112513   -1.887957  0.016285  -0.024603   0.493671   \n",
       "AGE       85.405322  -373.901548  124.513903  0.618571   2.385927  -4.751929   \n",
       "DIS       -6.876722    32.629304  -10.228097 -0.053043  -0.187696   0.303663   \n",
       "RAD       46.847761   -63.348695   35.549971 -0.016296   0.616929  -1.283815   \n",
       "TAX      844.821538 -1236.453735  833.360290 -1.523367  13.046286 -34.583448   \n",
       "PIRATIO    5.399331   -19.776571    5.692104 -0.066819   0.047397  -0.540763   \n",
       "B       -302.381816   373.721402 -223.579756  1.131325  -4.020570   8.215006   \n",
       "LSTAT     27.986168   -68.783037   29.580270 -0.097816   0.488946  -3.079741   \n",
       "MEDV     -30.718508    77.315176  -30.520823  0.409409  -0.455412   4.493446   \n",
       "\n",
       "                 AGE         DIS          RAD           TAX     PIRATIO  \\\n",
       "CRIM       85.405322   -6.876722    46.847761    844.821538    5.399331   \n",
       "ZN       -373.901548   32.629304   -63.348695  -1236.453735  -19.776571   \n",
       "INDUS     124.513903  -10.228097    35.549971    833.360290    5.692104   \n",
       "CHAS        0.618571   -0.053043    -0.016296     -1.523367   -0.066819   \n",
       "NOX         2.385927   -0.187696     0.616929     13.046286    0.047397   \n",
       "RM         -4.751929    0.303663    -1.283815    -34.583448   -0.540763   \n",
       "AGE       792.358399  -44.329379   111.770846   2402.690122   15.936921   \n",
       "DIS       -44.329379    4.434015    -9.068252   -189.664592   -1.059775   \n",
       "RAD       111.770846   -9.068252    75.816366   1335.756577    8.760716   \n",
       "TAX      2402.690122 -189.664592  1335.756577  28404.759488  168.153141   \n",
       "PIRATIO    15.936921   -1.059775     8.760716    168.153141    4.686989   \n",
       "B        -702.940328   56.040356  -353.276219  -6797.911215  -35.059527   \n",
       "LSTAT     121.077725   -7.473329    30.385442    654.714520    5.782729   \n",
       "MEDV      -97.589017    4.840229   -30.561228   -726.255716  -10.110657   \n",
       "\n",
       "                   B       LSTAT        MEDV  \n",
       "CRIM     -302.381816   27.986168  -30.718508  \n",
       "ZN        373.721402  -68.783037   77.315176  \n",
       "INDUS    -223.579756   29.580270  -30.520823  \n",
       "CHAS        1.131325   -0.097816    0.409409  \n",
       "NOX        -4.020570    0.488946   -0.455412  \n",
       "RM          8.215006   -3.079741    4.493446  \n",
       "AGE      -702.940328  121.077725  -97.589017  \n",
       "DIS        56.040356   -7.473329    4.840229  \n",
       "RAD      -353.276219   30.385442  -30.561228  \n",
       "TAX     -6797.911215  654.714520 -726.255716  \n",
       "PIRATIO   -35.059527    5.782729  -10.110657  \n",
       "B        8334.752263 -238.667516  279.989834  \n",
       "LSTAT    -238.667516   50.994760  -48.447538  \n",
       "MEDV      279.989834  -48.447538   84.586724  "
      ],
      "text/html": [
       "<div>\n",
       "<style scoped>\n",
       "    .dataframe tbody tr th:only-of-type {\n",
       "        vertical-align: middle;\n",
       "    }\n",
       "\n",
       "    .dataframe tbody tr th {\n",
       "        vertical-align: top;\n",
       "    }\n",
       "\n",
       "    .dataframe thead th {\n",
       "        text-align: right;\n",
       "    }\n",
       "</style>\n",
       "<table border=\"1\" class=\"dataframe\">\n",
       "  <thead>\n",
       "    <tr style=\"text-align: right;\">\n",
       "      <th></th>\n",
       "      <th>CRIM</th>\n",
       "      <th>ZN</th>\n",
       "      <th>INDUS</th>\n",
       "      <th>CHAS</th>\n",
       "      <th>NOX</th>\n",
       "      <th>RM</th>\n",
       "      <th>AGE</th>\n",
       "      <th>DIS</th>\n",
       "      <th>RAD</th>\n",
       "      <th>TAX</th>\n",
       "      <th>PIRATIO</th>\n",
       "      <th>B</th>\n",
       "      <th>LSTAT</th>\n",
       "      <th>MEDV</th>\n",
       "    </tr>\n",
       "  </thead>\n",
       "  <tbody>\n",
       "    <tr>\n",
       "      <th>CRIM</th>\n",
       "      <td>73.986578</td>\n",
       "      <td>-40.215956</td>\n",
       "      <td>23.992339</td>\n",
       "      <td>-0.122109</td>\n",
       "      <td>0.419594</td>\n",
       "      <td>-1.325038</td>\n",
       "      <td>85.405322</td>\n",
       "      <td>-6.876722</td>\n",
       "      <td>46.847761</td>\n",
       "      <td>844.821538</td>\n",
       "      <td>5.399331</td>\n",
       "      <td>-302.381816</td>\n",
       "      <td>27.986168</td>\n",
       "      <td>-30.718508</td>\n",
       "    </tr>\n",
       "    <tr>\n",
       "      <th>ZN</th>\n",
       "      <td>-40.215956</td>\n",
       "      <td>543.936814</td>\n",
       "      <td>-85.412648</td>\n",
       "      <td>-0.252925</td>\n",
       "      <td>-1.396148</td>\n",
       "      <td>5.112513</td>\n",
       "      <td>-373.901548</td>\n",
       "      <td>32.629304</td>\n",
       "      <td>-63.348695</td>\n",
       "      <td>-1236.453735</td>\n",
       "      <td>-19.776571</td>\n",
       "      <td>373.721402</td>\n",
       "      <td>-68.783037</td>\n",
       "      <td>77.315176</td>\n",
       "    </tr>\n",
       "    <tr>\n",
       "      <th>INDUS</th>\n",
       "      <td>23.992339</td>\n",
       "      <td>-85.412648</td>\n",
       "      <td>47.064442</td>\n",
       "      <td>0.109669</td>\n",
       "      <td>0.607074</td>\n",
       "      <td>-1.887957</td>\n",
       "      <td>124.513903</td>\n",
       "      <td>-10.228097</td>\n",
       "      <td>35.549971</td>\n",
       "      <td>833.360290</td>\n",
       "      <td>5.692104</td>\n",
       "      <td>-223.579756</td>\n",
       "      <td>29.580270</td>\n",
       "      <td>-30.520823</td>\n",
       "    </tr>\n",
       "    <tr>\n",
       "      <th>CHAS</th>\n",
       "      <td>-0.122109</td>\n",
       "      <td>-0.252925</td>\n",
       "      <td>0.109669</td>\n",
       "      <td>0.064513</td>\n",
       "      <td>0.002684</td>\n",
       "      <td>0.016285</td>\n",
       "      <td>0.618571</td>\n",
       "      <td>-0.053043</td>\n",
       "      <td>-0.016296</td>\n",
       "      <td>-1.523367</td>\n",
       "      <td>-0.066819</td>\n",
       "      <td>1.131325</td>\n",
       "      <td>-0.097816</td>\n",
       "      <td>0.409409</td>\n",
       "    </tr>\n",
       "    <tr>\n",
       "      <th>NOX</th>\n",
       "      <td>0.419594</td>\n",
       "      <td>-1.396148</td>\n",
       "      <td>0.607074</td>\n",
       "      <td>0.002684</td>\n",
       "      <td>0.013428</td>\n",
       "      <td>-0.024603</td>\n",
       "      <td>2.385927</td>\n",
       "      <td>-0.187696</td>\n",
       "      <td>0.616929</td>\n",
       "      <td>13.046286</td>\n",
       "      <td>0.047397</td>\n",
       "      <td>-4.020570</td>\n",
       "      <td>0.488946</td>\n",
       "      <td>-0.455412</td>\n",
       "    </tr>\n",
       "    <tr>\n",
       "      <th>RM</th>\n",
       "      <td>-1.325038</td>\n",
       "      <td>5.112513</td>\n",
       "      <td>-1.887957</td>\n",
       "      <td>0.016285</td>\n",
       "      <td>-0.024603</td>\n",
       "      <td>0.493671</td>\n",
       "      <td>-4.751929</td>\n",
       "      <td>0.303663</td>\n",
       "      <td>-1.283815</td>\n",
       "      <td>-34.583448</td>\n",
       "      <td>-0.540763</td>\n",
       "      <td>8.215006</td>\n",
       "      <td>-3.079741</td>\n",
       "      <td>4.493446</td>\n",
       "    </tr>\n",
       "    <tr>\n",
       "      <th>AGE</th>\n",
       "      <td>85.405322</td>\n",
       "      <td>-373.901548</td>\n",
       "      <td>124.513903</td>\n",
       "      <td>0.618571</td>\n",
       "      <td>2.385927</td>\n",
       "      <td>-4.751929</td>\n",
       "      <td>792.358399</td>\n",
       "      <td>-44.329379</td>\n",
       "      <td>111.770846</td>\n",
       "      <td>2402.690122</td>\n",
       "      <td>15.936921</td>\n",
       "      <td>-702.940328</td>\n",
       "      <td>121.077725</td>\n",
       "      <td>-97.589017</td>\n",
       "    </tr>\n",
       "    <tr>\n",
       "      <th>DIS</th>\n",
       "      <td>-6.876722</td>\n",
       "      <td>32.629304</td>\n",
       "      <td>-10.228097</td>\n",
       "      <td>-0.053043</td>\n",
       "      <td>-0.187696</td>\n",
       "      <td>0.303663</td>\n",
       "      <td>-44.329379</td>\n",
       "      <td>4.434015</td>\n",
       "      <td>-9.068252</td>\n",
       "      <td>-189.664592</td>\n",
       "      <td>-1.059775</td>\n",
       "      <td>56.040356</td>\n",
       "      <td>-7.473329</td>\n",
       "      <td>4.840229</td>\n",
       "    </tr>\n",
       "    <tr>\n",
       "      <th>RAD</th>\n",
       "      <td>46.847761</td>\n",
       "      <td>-63.348695</td>\n",
       "      <td>35.549971</td>\n",
       "      <td>-0.016296</td>\n",
       "      <td>0.616929</td>\n",
       "      <td>-1.283815</td>\n",
       "      <td>111.770846</td>\n",
       "      <td>-9.068252</td>\n",
       "      <td>75.816366</td>\n",
       "      <td>1335.756577</td>\n",
       "      <td>8.760716</td>\n",
       "      <td>-353.276219</td>\n",
       "      <td>30.385442</td>\n",
       "      <td>-30.561228</td>\n",
       "    </tr>\n",
       "    <tr>\n",
       "      <th>TAX</th>\n",
       "      <td>844.821538</td>\n",
       "      <td>-1236.453735</td>\n",
       "      <td>833.360290</td>\n",
       "      <td>-1.523367</td>\n",
       "      <td>13.046286</td>\n",
       "      <td>-34.583448</td>\n",
       "      <td>2402.690122</td>\n",
       "      <td>-189.664592</td>\n",
       "      <td>1335.756577</td>\n",
       "      <td>28404.759488</td>\n",
       "      <td>168.153141</td>\n",
       "      <td>-6797.911215</td>\n",
       "      <td>654.714520</td>\n",
       "      <td>-726.255716</td>\n",
       "    </tr>\n",
       "    <tr>\n",
       "      <th>PIRATIO</th>\n",
       "      <td>5.399331</td>\n",
       "      <td>-19.776571</td>\n",
       "      <td>5.692104</td>\n",
       "      <td>-0.066819</td>\n",
       "      <td>0.047397</td>\n",
       "      <td>-0.540763</td>\n",
       "      <td>15.936921</td>\n",
       "      <td>-1.059775</td>\n",
       "      <td>8.760716</td>\n",
       "      <td>168.153141</td>\n",
       "      <td>4.686989</td>\n",
       "      <td>-35.059527</td>\n",
       "      <td>5.782729</td>\n",
       "      <td>-10.110657</td>\n",
       "    </tr>\n",
       "    <tr>\n",
       "      <th>B</th>\n",
       "      <td>-302.381816</td>\n",
       "      <td>373.721402</td>\n",
       "      <td>-223.579756</td>\n",
       "      <td>1.131325</td>\n",
       "      <td>-4.020570</td>\n",
       "      <td>8.215006</td>\n",
       "      <td>-702.940328</td>\n",
       "      <td>56.040356</td>\n",
       "      <td>-353.276219</td>\n",
       "      <td>-6797.911215</td>\n",
       "      <td>-35.059527</td>\n",
       "      <td>8334.752263</td>\n",
       "      <td>-238.667516</td>\n",
       "      <td>279.989834</td>\n",
       "    </tr>\n",
       "    <tr>\n",
       "      <th>LSTAT</th>\n",
       "      <td>27.986168</td>\n",
       "      <td>-68.783037</td>\n",
       "      <td>29.580270</td>\n",
       "      <td>-0.097816</td>\n",
       "      <td>0.488946</td>\n",
       "      <td>-3.079741</td>\n",
       "      <td>121.077725</td>\n",
       "      <td>-7.473329</td>\n",
       "      <td>30.385442</td>\n",
       "      <td>654.714520</td>\n",
       "      <td>5.782729</td>\n",
       "      <td>-238.667516</td>\n",
       "      <td>50.994760</td>\n",
       "      <td>-48.447538</td>\n",
       "    </tr>\n",
       "    <tr>\n",
       "      <th>MEDV</th>\n",
       "      <td>-30.718508</td>\n",
       "      <td>77.315176</td>\n",
       "      <td>-30.520823</td>\n",
       "      <td>0.409409</td>\n",
       "      <td>-0.455412</td>\n",
       "      <td>4.493446</td>\n",
       "      <td>-97.589017</td>\n",
       "      <td>4.840229</td>\n",
       "      <td>-30.561228</td>\n",
       "      <td>-726.255716</td>\n",
       "      <td>-10.110657</td>\n",
       "      <td>279.989834</td>\n",
       "      <td>-48.447538</td>\n",
       "      <td>84.586724</td>\n",
       "    </tr>\n",
       "  </tbody>\n",
       "</table>\n",
       "</div>"
      ]
     },
     "execution_count": 3,
     "metadata": {},
     "output_type": "execute_result"
    }
   ],
   "execution_count": 3
  },
  {
   "metadata": {
    "ExecuteTime": {
     "end_time": "2025-03-03T10:22:58.055118Z",
     "start_time": "2025-03-03T10:22:58.038078Z"
    }
   },
   "cell_type": "code",
   "source": [
    "#DataFrame对象的cov方法和corr方法分别用于计算协方差和相关系数，corr方法的第一个参数method的默认值是pearson，表示计算皮尔逊相关系数；除此之外，还可以指定kendall或spearman来获得肯德尔系数或斯皮尔曼等级相关系数。\n",
    "boston_df.corr()"
   ],
   "id": "656c3854cea022a2",
   "outputs": [
    {
     "data": {
      "text/plain": [
       "             CRIM        ZN     INDUS      CHAS       NOX        RM       AGE  \\\n",
       "CRIM     1.000000 -0.200469  0.406583 -0.055892  0.420972 -0.219247  0.352734   \n",
       "ZN      -0.200469  1.000000 -0.533828 -0.042697 -0.516604  0.311991 -0.569537   \n",
       "INDUS    0.406583 -0.533828  1.000000  0.062938  0.763651 -0.391676  0.644779   \n",
       "CHAS    -0.055892 -0.042697  0.062938  1.000000  0.091203  0.091251  0.086518   \n",
       "NOX      0.420972 -0.516604  0.763651  0.091203  1.000000 -0.302188  0.731470   \n",
       "RM      -0.219247  0.311991 -0.391676  0.091251 -0.302188  1.000000 -0.240265   \n",
       "AGE      0.352734 -0.569537  0.644779  0.086518  0.731470 -0.240265  1.000000   \n",
       "DIS     -0.379670  0.664408 -0.708027 -0.099176 -0.769230  0.205246 -0.747881   \n",
       "RAD      0.625505 -0.311948  0.595129 -0.007368  0.611441 -0.209847  0.456022   \n",
       "TAX      0.582764 -0.314563  0.720760 -0.035587  0.668023 -0.292048  0.506456   \n",
       "PIRATIO  0.289946 -0.391679  0.383248 -0.121515  0.188933 -0.355501  0.261515   \n",
       "B       -0.385064  0.175520 -0.356977  0.048788 -0.380051  0.128069 -0.273534   \n",
       "LSTAT    0.455621 -0.412995  0.603800 -0.053929  0.590879 -0.613808  0.602339   \n",
       "MEDV    -0.388305  0.360445 -0.483725  0.175260 -0.427321  0.695360 -0.376955   \n",
       "\n",
       "              DIS       RAD       TAX   PIRATIO         B     LSTAT      MEDV  \n",
       "CRIM    -0.379670  0.625505  0.582764  0.289946 -0.385064  0.455621 -0.388305  \n",
       "ZN       0.664408 -0.311948 -0.314563 -0.391679  0.175520 -0.412995  0.360445  \n",
       "INDUS   -0.708027  0.595129  0.720760  0.383248 -0.356977  0.603800 -0.483725  \n",
       "CHAS    -0.099176 -0.007368 -0.035587 -0.121515  0.048788 -0.053929  0.175260  \n",
       "NOX     -0.769230  0.611441  0.668023  0.188933 -0.380051  0.590879 -0.427321  \n",
       "RM       0.205246 -0.209847 -0.292048 -0.355501  0.128069 -0.613808  0.695360  \n",
       "AGE     -0.747881  0.456022  0.506456  0.261515 -0.273534  0.602339 -0.376955  \n",
       "DIS      1.000000 -0.494588 -0.534432 -0.232471  0.291512 -0.496996  0.249929  \n",
       "RAD     -0.494588  1.000000  0.910228  0.464741 -0.444413  0.488676 -0.381626  \n",
       "TAX     -0.534432  0.910228  1.000000  0.460853 -0.441808  0.543993 -0.468536  \n",
       "PIRATIO -0.232471  0.464741  0.460853  1.000000 -0.177383  0.374044 -0.507787  \n",
       "B        0.291512 -0.444413 -0.441808 -0.177383  1.000000 -0.366087  0.333461  \n",
       "LSTAT   -0.496996  0.488676  0.543993  0.374044 -0.366087  1.000000 -0.737663  \n",
       "MEDV     0.249929 -0.381626 -0.468536 -0.507787  0.333461 -0.737663  1.000000  "
      ],
      "text/html": [
       "<div>\n",
       "<style scoped>\n",
       "    .dataframe tbody tr th:only-of-type {\n",
       "        vertical-align: middle;\n",
       "    }\n",
       "\n",
       "    .dataframe tbody tr th {\n",
       "        vertical-align: top;\n",
       "    }\n",
       "\n",
       "    .dataframe thead th {\n",
       "        text-align: right;\n",
       "    }\n",
       "</style>\n",
       "<table border=\"1\" class=\"dataframe\">\n",
       "  <thead>\n",
       "    <tr style=\"text-align: right;\">\n",
       "      <th></th>\n",
       "      <th>CRIM</th>\n",
       "      <th>ZN</th>\n",
       "      <th>INDUS</th>\n",
       "      <th>CHAS</th>\n",
       "      <th>NOX</th>\n",
       "      <th>RM</th>\n",
       "      <th>AGE</th>\n",
       "      <th>DIS</th>\n",
       "      <th>RAD</th>\n",
       "      <th>TAX</th>\n",
       "      <th>PIRATIO</th>\n",
       "      <th>B</th>\n",
       "      <th>LSTAT</th>\n",
       "      <th>MEDV</th>\n",
       "    </tr>\n",
       "  </thead>\n",
       "  <tbody>\n",
       "    <tr>\n",
       "      <th>CRIM</th>\n",
       "      <td>1.000000</td>\n",
       "      <td>-0.200469</td>\n",
       "      <td>0.406583</td>\n",
       "      <td>-0.055892</td>\n",
       "      <td>0.420972</td>\n",
       "      <td>-0.219247</td>\n",
       "      <td>0.352734</td>\n",
       "      <td>-0.379670</td>\n",
       "      <td>0.625505</td>\n",
       "      <td>0.582764</td>\n",
       "      <td>0.289946</td>\n",
       "      <td>-0.385064</td>\n",
       "      <td>0.455621</td>\n",
       "      <td>-0.388305</td>\n",
       "    </tr>\n",
       "    <tr>\n",
       "      <th>ZN</th>\n",
       "      <td>-0.200469</td>\n",
       "      <td>1.000000</td>\n",
       "      <td>-0.533828</td>\n",
       "      <td>-0.042697</td>\n",
       "      <td>-0.516604</td>\n",
       "      <td>0.311991</td>\n",
       "      <td>-0.569537</td>\n",
       "      <td>0.664408</td>\n",
       "      <td>-0.311948</td>\n",
       "      <td>-0.314563</td>\n",
       "      <td>-0.391679</td>\n",
       "      <td>0.175520</td>\n",
       "      <td>-0.412995</td>\n",
       "      <td>0.360445</td>\n",
       "    </tr>\n",
       "    <tr>\n",
       "      <th>INDUS</th>\n",
       "      <td>0.406583</td>\n",
       "      <td>-0.533828</td>\n",
       "      <td>1.000000</td>\n",
       "      <td>0.062938</td>\n",
       "      <td>0.763651</td>\n",
       "      <td>-0.391676</td>\n",
       "      <td>0.644779</td>\n",
       "      <td>-0.708027</td>\n",
       "      <td>0.595129</td>\n",
       "      <td>0.720760</td>\n",
       "      <td>0.383248</td>\n",
       "      <td>-0.356977</td>\n",
       "      <td>0.603800</td>\n",
       "      <td>-0.483725</td>\n",
       "    </tr>\n",
       "    <tr>\n",
       "      <th>CHAS</th>\n",
       "      <td>-0.055892</td>\n",
       "      <td>-0.042697</td>\n",
       "      <td>0.062938</td>\n",
       "      <td>1.000000</td>\n",
       "      <td>0.091203</td>\n",
       "      <td>0.091251</td>\n",
       "      <td>0.086518</td>\n",
       "      <td>-0.099176</td>\n",
       "      <td>-0.007368</td>\n",
       "      <td>-0.035587</td>\n",
       "      <td>-0.121515</td>\n",
       "      <td>0.048788</td>\n",
       "      <td>-0.053929</td>\n",
       "      <td>0.175260</td>\n",
       "    </tr>\n",
       "    <tr>\n",
       "      <th>NOX</th>\n",
       "      <td>0.420972</td>\n",
       "      <td>-0.516604</td>\n",
       "      <td>0.763651</td>\n",
       "      <td>0.091203</td>\n",
       "      <td>1.000000</td>\n",
       "      <td>-0.302188</td>\n",
       "      <td>0.731470</td>\n",
       "      <td>-0.769230</td>\n",
       "      <td>0.611441</td>\n",
       "      <td>0.668023</td>\n",
       "      <td>0.188933</td>\n",
       "      <td>-0.380051</td>\n",
       "      <td>0.590879</td>\n",
       "      <td>-0.427321</td>\n",
       "    </tr>\n",
       "    <tr>\n",
       "      <th>RM</th>\n",
       "      <td>-0.219247</td>\n",
       "      <td>0.311991</td>\n",
       "      <td>-0.391676</td>\n",
       "      <td>0.091251</td>\n",
       "      <td>-0.302188</td>\n",
       "      <td>1.000000</td>\n",
       "      <td>-0.240265</td>\n",
       "      <td>0.205246</td>\n",
       "      <td>-0.209847</td>\n",
       "      <td>-0.292048</td>\n",
       "      <td>-0.355501</td>\n",
       "      <td>0.128069</td>\n",
       "      <td>-0.613808</td>\n",
       "      <td>0.695360</td>\n",
       "    </tr>\n",
       "    <tr>\n",
       "      <th>AGE</th>\n",
       "      <td>0.352734</td>\n",
       "      <td>-0.569537</td>\n",
       "      <td>0.644779</td>\n",
       "      <td>0.086518</td>\n",
       "      <td>0.731470</td>\n",
       "      <td>-0.240265</td>\n",
       "      <td>1.000000</td>\n",
       "      <td>-0.747881</td>\n",
       "      <td>0.456022</td>\n",
       "      <td>0.506456</td>\n",
       "      <td>0.261515</td>\n",
       "      <td>-0.273534</td>\n",
       "      <td>0.602339</td>\n",
       "      <td>-0.376955</td>\n",
       "    </tr>\n",
       "    <tr>\n",
       "      <th>DIS</th>\n",
       "      <td>-0.379670</td>\n",
       "      <td>0.664408</td>\n",
       "      <td>-0.708027</td>\n",
       "      <td>-0.099176</td>\n",
       "      <td>-0.769230</td>\n",
       "      <td>0.205246</td>\n",
       "      <td>-0.747881</td>\n",
       "      <td>1.000000</td>\n",
       "      <td>-0.494588</td>\n",
       "      <td>-0.534432</td>\n",
       "      <td>-0.232471</td>\n",
       "      <td>0.291512</td>\n",
       "      <td>-0.496996</td>\n",
       "      <td>0.249929</td>\n",
       "    </tr>\n",
       "    <tr>\n",
       "      <th>RAD</th>\n",
       "      <td>0.625505</td>\n",
       "      <td>-0.311948</td>\n",
       "      <td>0.595129</td>\n",
       "      <td>-0.007368</td>\n",
       "      <td>0.611441</td>\n",
       "      <td>-0.209847</td>\n",
       "      <td>0.456022</td>\n",
       "      <td>-0.494588</td>\n",
       "      <td>1.000000</td>\n",
       "      <td>0.910228</td>\n",
       "      <td>0.464741</td>\n",
       "      <td>-0.444413</td>\n",
       "      <td>0.488676</td>\n",
       "      <td>-0.381626</td>\n",
       "    </tr>\n",
       "    <tr>\n",
       "      <th>TAX</th>\n",
       "      <td>0.582764</td>\n",
       "      <td>-0.314563</td>\n",
       "      <td>0.720760</td>\n",
       "      <td>-0.035587</td>\n",
       "      <td>0.668023</td>\n",
       "      <td>-0.292048</td>\n",
       "      <td>0.506456</td>\n",
